第1幅图像的平均误差：0.040447像素
第2幅图像的平均误差：0.0530734像素
第3幅图像的平均误差：0.0409404像素
第4幅图像的平均误差：0.0436294像素
第5幅图像的平均误差：0.0405399像素
第6幅图像的平均误差：0.0429511像素
第7幅图像的平均误差：0.0398519像素
第8幅图像的平均误差：0.0357546像素
第9幅图像的平均误差：0.04013像素
第10幅图像的平均误差：0.0411311像素
第11幅图像的平均误差：0.0477546像素
第12幅图像的平均误差：0.0518048像素
第13幅图像的平均误差：0.0403831像素
第14幅图像的平均误差：0.0405674像素
第15幅图像的平均误差：0.0422832像素
第16幅图像的平均误差：0.0401585像素
第17幅图像的平均误差：0.0544265像素
第18幅图像的平均误差：0.0325593像素
第19幅图像的平均误差：0.0529726像素
第20幅图像的平均误差：0.048464像素
第21幅图像的平均误差：0.0431172像素
第22幅图像的平均误差：0.049221像素
第23幅图像的平均误差：0.042498像素
第24幅图像的平均误差：0.0733765像素
第25幅图像的平均误差：0.042344像素
第26幅图像的平均误差：0.0341383像素
第27幅图像的平均误差：0.0577307像素
第28幅图像的平均误差：0.0489197像素
第29幅图像的平均误差：0.0744152像素
第30幅图像的平均误差：0.0524934像素
第31幅图像的平均误差：0.0351294像素
第32幅图像的平均误差：0.0376316像素
第33幅图像的平均误差：0.0401501像素
第34幅图像的平均误差：0.0414686像素
第35幅图像的平均误差：0.0452285像素
第36幅图像的平均误差：0.0522857像素
第37幅图像的平均误差：0.153137像素
第38幅图像的平均误差：0.0422977像素
第39幅图像的平均误差：0.0495916像素
第40幅图像的平均误差：0.0511355像素
第41幅图像的平均误差：0.0432931像素
第42幅图像的平均误差：0.0528993像素
第43幅图像的平均误差：0.0455925像素
第44幅图像的平均误差：0.0669117像素
第45幅图像的平均误差：0.0410382像素
第46幅图像的平均误差：0.0439963像素
第47幅图像的平均误差：0.0465255像素
第48幅图像的平均误差：0.049083像素
第49幅图像的平均误差：0.0460843像素
第50幅图像的平均误差：0.0253875像素
第51幅图像的平均误差：0.0225285像素
第52幅图像的平均误差：0.0253092像素
第53幅图像的平均误差：0.0247154像素
第54幅图像的平均误差：0.0254384像素
第55幅图像的平均误差：0.0291112像素
第56幅图像的平均误差：0.0270753像素
第57幅图像的平均误差：0.0244848像素
第58幅图像的平均误差：0.023438像素
第59幅图像的平均误差：0.0321541像素
总体平均误差：0.0445966像素

相机内参数矩阵：
[589.4840084384232, 0, 1258.66270392798;
 0, 590.6486535778066, 670.1674258240686;
 0, 0, 1]
畸变系数：
[-0.0348615, 0.0110456, -0.0220058, 0.00930635]
第1幅图像的旋转向量：
[-2.10884, -2.23398, 0.522852]
第1幅图像的旋转矩阵：
[-0.08393950718508902, 0.9658368731279843, -0.2451801248875656;
 0.9743268619868246, 0.02796819192703803, -0.2233941499933232;
 -0.2089050625150846, -0.2576371765617109, -0.9433884460331695]
第1幅图像的平移向量：
[-43.8246, -42.1608, 152.287]
第2幅图像的旋转向量：
[-2.06756, -2.18876, 0.594536]
第2幅图像的旋转矩阵：
[-0.09086142004432651, 0.9456040250837228, -0.3123735425624121;
 0.9736924800757338, 0.0185359151391572, -0.2271109290499273;
 -0.2089668791734602, -0.3247913908887006, -0.9224117279247309]
第2幅图像的平移向量：
[-115.643, -50.4196, 151.292]
第3幅图像的旋转向量：
[2.02922, 2.21207, -0.3613]
第3幅图像的旋转矩阵：
[-0.09528949005507004, 0.9927220594532024, -0.07363983813152761;
 0.9645629197384867, 0.07379510381392107, -0.2533232253834189;
 -0.2460452945101989, -0.09516929824310741, -0.9645747859659737]
第3幅图像的平移向量：
[-81.7046, -47.181, 136.891]
第4幅图像的旋转向量：
[2.05086, 2.23226, -0.431964]
第4幅图像的旋转矩阵：
[-0.1010241387811243, 0.9862628805547962, -0.1306891496004482;
 0.9638193689809376, 0.06445208079500353, -0.2586467731451177;
 -0.2466705238992283, -0.1520903012060617, -0.9570904831406118]
第4幅图像的平移向量：
[-128.074, -47.5183, 151.971]
第5幅图像的旋转向量：
[1.95932, 2.09406, -0.171092]
第5幅图像的旋转矩阵：
[-0.05052100988014852, 0.9922225115246331, 0.1137634176017901;
 0.9605967064734274, 0.07944900894592777, -0.2663490613648073;
 -0.2733159253923817, 0.09582454070466095, -0.9571395208252801]
第5幅图像的平移向量：
[-128.352, -44.3735, 146.416]
第6幅图像的旋转向量：
[1.95506, 2.03473, -0.085788]
第6幅图像的旋转矩阵：
[-0.01463039627571794, 0.9826901591803591, 0.1846781052396178;
 0.9636575370830146, 0.06312915279752962, -0.2595743848883474;
 -0.2667397659291041, 0.1741687719344258, -0.9479003830334392]
第6幅图像的平移向量：
[-151.298, -42.1388, 124.384]
第7幅图像的旋转向量：
[2.01433, 1.97191, -0.128607]
第7幅图像的旋转矩阵：
[0.04402443908327647, 0.9867322117217612, 0.1562734498054115;
 0.9580757288643871, 0.002628950725929058, -0.2865030303139113;
 -0.2831126039659419, 0.1623349345297007, -0.9452484448582084]
第7幅图像的平移向量：
[-162.939, -68.3261, 129.009]
第8幅图像的旋转向量：
[1.96611, 2.12781, -0.0897779]
第8幅图像的旋转矩阵：
[-0.06388432056013027, 0.988741563479374, 0.1353104365336759;
 0.9738295989991924, 0.09139845061551821, -0.2080918915723418;
 -0.2181162664719049, 0.1184754990428239, -0.9687047281947739]
第8幅图像的平移向量：
[-158.368, -20.8558, 121.54]
第9幅图像的旋转向量：
[1.86921, 2.04193, -0.130066]
第9幅图像的旋转矩阵：
[-0.05322032111189257, 0.9772207367268032, 0.2054439805199233;
 0.9432561270059004, 0.1167265780045338, -0.3108742267431955;
 -0.3277735137050816, 0.1772414672092145, -0.9279816733184711]
第9幅图像的平移向量：
[-163.28, 7.05038, 136.621]
第10幅图像的旋转向量：
[1.87745, 2.09098, -0.150115]
第10幅图像的旋转矩阵：
[-0.08036554246439809, 0.9822176755611233, 0.1696756240586929;
 0.9479070313369881, 0.1279521098716716, -0.2917199299350076;
 -0.3082428255877193, 0.1373924866748233, -0.9413339816871625]
第10幅图像的平移向量：
[-168.923, 15.7291, 133.214]
第11幅图像的旋转向量：
[1.8877, 2.14238, -0.0755649]
第11幅图像的旋转矩阵：
[-0.1037459107390223, 0.9787694593454402, 0.1767685816472079;
 0.9638828943884846, 0.1427718999359294, -0.2248242658032329;
 -0.245288711338717, 0.1470596139030694, -0.9582311401997285]
第11幅图像的平移向量：
[-118.175, 14.5078, 132.456]
第12幅图像的旋转向量：
[1.89209, 2.11828, -0.0147442]
第12幅图像的旋转矩阵：
[-0.08741105622428158, 0.9727926061940056, 0.2145550106243843;
 0.9697116801665268, 0.1324037872195232, -0.2052522703371113;
 -0.2280757869620686, 0.19011518209812, -0.9549019074949174]
第12幅图像的平移向量：
[-76.8907, 14.1664, 145.894]
第13幅图像的旋转向量：
[1.93769, 2.06647, 0.1106]
第13幅图像的旋转矩阵：
[-0.0408348712454164, 0.9614052174590074, 0.2720891786399617;
 0.9849549280092248, 0.08449765247279528, -0.150744606924857;
 -0.1679175484596925, 0.2618399407446951, -0.9503912575092962]
第13幅图像的平移向量：
[-10.4921, 2.04469, 148.646]
第14幅图像的旋转向量：
[2.05513, 2.22504, -0.144219]
第14幅图像的旋转矩阵：
[-0.07812933465694949, 0.9968192097674523, 0.01572482447133741;
 0.9864486715433974, 0.0795798784891053, -0.1434784351389628;
 -0.1442734399545831, 0.004301857534976458, -0.9895285082024772]
第14幅图像的平移向量：
[7.47723, -8.54642, 137.576]
第15幅图像的旋转向量：
[2.03832, 2.28318, -0.0842263]
第15幅图像的旋转矩阵：
[-0.1118623433932032, 0.9934608623638392, 0.02285456369913447;
 0.9890766947915917, 0.1135313959475956, -0.09401018005689971;
 -0.09599014507084339, 0.01208871728046204, -0.9953088741510303]
第15幅图像的平移向量：
[5.69905, 15.8937, 135.707]
第16幅图像的旋转向量：
[-2.08347, -2.21318, 0.262402]
第16幅图像的旋转矩阵：
[-0.06507704947604465, 0.9809664821044033, -0.1829473657071994;
 0.9965497095494495, 0.05442434876557434, -0.06266312040068671;
 -0.05151362954015459, -0.1863940751449853, -0.9811236388562072]
第16幅图像的平移向量：
[9.69531, 9.67518, 127.547]
第17幅图像的旋转向量：
[-1.95825, -2.15068, 0.439171]
第17幅图像的旋转矩阵：
[-0.1025687713810888, 0.9340707282906106, -0.3420402340193664;
 0.9933893211383077, 0.07836572962306942, -0.08388366389838389;
 -0.0515490425298753, -0.3483829602194876, -0.9359337632775944]
第17幅图像的平移向量：
[32.4105, 6.55948, 124.46]
第18幅图像的旋转向量：
[-1.98252, -2.02859, 0.570192]
第18幅图像的旋转矩阵：
[-0.04463553852170987, 0.8977130418221844, -0.4383137725913235;
 0.9946109341767975, -0.001164684764991208, -0.1036712743500188;
 -0.09357755241956062, -0.4405790939794575, -0.8928232208177634]
第18幅图像的平移向量：
[-7.05451, -22.1406, 128.766]
第19幅图像的旋转向量：
[-1.99205, -1.9704, 0.599386]
第19幅图像的旋转矩阵：
[-0.01371357714608945, 0.8809894484575519, -0.4729371306086217;
 0.9951149281548278, -0.03422117437551575, -0.09260232711855737;
 -0.09776613710927731, -0.4718967079041967, -0.87621645699217]
第19幅图像的平移向量：
[-34.4556, -25.7568, 120.596]
第20幅图像的旋转向量：
[-2.19803, -2.11795, 0.413823]
第20幅图像的旋转矩阵：
[0.0193014593923051, 0.9721268164003809, -0.2336598093395328;
 0.9885823873986961, -0.05348728333162001, -0.1408686403955725;
 -0.1494400113437538, -0.2282730018137551, -0.9620598316386129]
第20幅图像的平移向量：
[-87.3176, -26.2494, 122.33]
第21幅图像的旋转向量：
[2.08147, 2.11691, -0.27285]
第21幅图像的旋转矩阵：
[-0.01854869012955329, 0.999734634464677, -0.01366040798277551;
 0.9705246824318748, 0.01471983203722316, -0.2405517976139521;
 -0.240286884546339, -0.01771968387342124, -0.9705401722331952]
第21幅图像的平移向量：
[-101.003, -34.9273, 114.38]
第22幅图像的旋转向量：
[2.05349, 2.16462, -0.277604]
第22幅图像的旋转矩阵：
[-0.05521630778007247, 0.9982339490480832, -0.02191215012282967;
 0.9714583964278933, 0.04863890390367809, -0.232169853850139;
 -0.2306940470945932, -0.03410630432805514, -0.972428412090165]
第22幅图像的平移向量：
[-118.676, -23.4226, 104.496]
第23幅图像的旋转向量：
[2.04734, 2.24557, -0.286364]
第23幅图像的旋转矩阵：
[-0.09795126448777591, 0.9933830780368318, -0.05996340596827557;
 0.9766393363130721, 0.08437083314461458, -0.1976288675281178;
 -0.1912620102142828, -0.07792061848159429, -0.9784412198309296]
第23幅图像的平移向量：
[-122.731, -25.0163, 107.088]
第24幅图像的旋转向量：
[-2.13403, -2.13016, 0.225242]
第24幅图像的旋转矩阵：
[-0.0002550077730528733, 0.9822282662681268, -0.1876900847539518;
 0.9997604681370653, -0.003857130865634328, -0.02154365084755591;
 -0.02188472804015872, -0.1876506207967224, -0.981992007703328]
第24幅图像的平移向量：
[-66.9289, -28.5246, 94.9391]
第25幅图像的旋转向量：
[-1.98169, -2.07477, 0.481024]
第25幅图像的旋转矩阵：
[-0.05753849796268351, 0.9204820722223271, -0.3865256472337752;
 0.9966597724863685, 0.03048662750582953, -0.07576188653103288;
 -0.05795359488089216, -0.3895937887859756, -0.9191616074335188]
第25幅图像的平移向量：
[-12.4431, -36.4401, 111.778]
第26幅图像的旋转向量：
[-1.97337, -2.05588, 0.458707]
第26幅图像的旋转矩阵：
[-0.04791445462552513, 0.9180367790060151, -0.393589478302202;
 0.9982734314259516, 0.03060900353195339, -0.0501322751512121;
 -0.03397589067257026, -0.3953119797008964, -0.917918339264427]
第26幅图像的平移向量：
[4.52523, -35.1179, 107.683]
第27幅图像的旋转向量：
[-1.98099, -1.96133, 0.495746]
第27幅图像的旋转矩阵：
[0.003373333448714266, 0.8927270439543012, -0.4505852256943838;
 0.9996099758162013, -0.01550165313084706, -0.02322918420746406;
 -0.02772213682559804, -0.4503311267754272, -0.8924311510626447]
第27幅图像的平移向量：
[-91.3887, -19.9888, 129.616]
第28幅图像的旋转向量：
[-2.11231, -2.14666, 0.320822]
第28幅图像的旋转矩阵：
[-0.02389780491219617, 0.9735689041206848, -0.2271397892259904;
 0.9974377188943628, 0.007894871670276471, -0.0711032202373405;
 -0.06743064471876642, -0.2282570041215791, -0.9712630170156037]
第28幅图像的平移向量：
[-74.6845, -15.7604, 123.426]
第29幅图像的旋转向量：
[2.11855, 2.21029, -0.184688]
第29幅图像的旋转矩阵：
[-0.04439295537050136, 0.9985783247695278, -0.02950584372555468;
 0.9896275766132659, 0.03991745138127278, -0.1379994807301055;
 -0.1366254922041552, -0.03532600141125437, -0.989992701237875]
第29幅图像的平移向量：
[-65.0126, -14.1485, 131.675]
第30幅图像的旋转向量：
[1.89866, 2.05493, 0.0190116]
第30幅图像的旋转矩阵：
[-0.04741288118438602, 0.9653889984281461, 0.2564685173889698;
 0.9699688717843276, 0.1058191257541297, -0.2190038821438341;
 -0.2385632127282704, 0.2383828734169733, -0.941414467274767]
第30幅图像的平移向量：
[-53.1081, -15.3755, 143.317]
第31幅图像的旋转向量：
[1.81134, 1.98766, 0.117557]
第31幅图像的旋转矩阵：
[-0.03992159198868162, 0.9253800536992332, 0.3769323847969201;
 0.9633594358756745, 0.1357777310520317, -0.2313071660361261;
 -0.265226061695285, 0.3538872192746813, -0.896894069682503]
第31幅图像的平移向量：
[-53.0752, -7.96409, 146.316]
第32幅图像的旋转向量：
[1.82248, 2.02093, 0.140083]
第32幅图像的旋转矩阵：
[-0.05807806720670938, 0.9288084002987048, 0.3659807285146231;
 0.9704199692302015, 0.1385765907938091, -0.1976906973107748;
 -0.2343331419769472, 0.3436735136994508, -0.9093824797920209]
第32幅图像的平移向量：
[-13.6205, -1.58078, 151.45]
第33幅图像的旋转向量：
[1.96236, 2.11961, -0.00702615]
第33幅图像的旋转矩阵：
[-0.0597886770273246, 0.9817621910593294, 0.1804669341062434;
 0.9805441921137065, 0.09162597665928884, -0.1736023263476333;
 -0.1869716593802413, 0.1665763506852531, -0.9681394104058478]
第33幅图像的平移向量：
[8.96829, -13.4324, 150.359]
第34幅图像的旋转向量：
[2.04611, 2.13628, 0.000896362]
第34幅图像的旋转矩阵：
[-0.03434349673225523, 0.9906280368820044, 0.1321991557291781;
 0.9907386267890765, 0.05113356614788456, -0.1257868506684808;
 -0.1313677952174594, 0.1266548497149075, -0.9832095663811443]
第34幅图像的平移向量：
[25.2535, -10.7416, 138.599]
第35幅图像的旋转向量：
[-2.10249, -2.2022, 0.323054]
第35幅图像的旋转矩阵：
[-0.05523843465425271, 0.9778224438109167, -0.2020197607081893;
 0.9946464923825649, 0.03619163894794764, -0.09679111767781864;
 -0.08733310098701308, -0.2062848362093239, -0.9745868333925329]
第35幅图像的平移向量：
[15.5972, -10.457, 127.933]
第36幅图像的旋转向量：
[-2.01574, -2.07597, 0.418884]
第36幅图像的旋转矩阵：
[-0.03695858715762046, 0.9365165077110387, -0.348670178851063;
 0.9984438412947496, 0.02002509633506888, -0.05204701045550814;
 -0.04176073054793408, -0.3500511766891963, -0.9357992386631931]
第36幅图像的平移向量：
[9.30388, -10.0353, 112.326]
第37幅图像的旋转向量：
[-1.95284, -2.02501, 0.491953]
第37幅图像的旋转矩阵：
[-0.04329146609391787, 0.9014967845773127, -0.4306151371703106;
 0.9985818317820354, 0.02567655972488125, -0.04663731891446213;
 -0.0309866777547029, -0.432023450379098, -0.901329886403566]
第37幅图像的平移向量：
[30.476, -13.9284, 119.62]
第38幅图像的旋转向量：
[-1.97035, -2.03067, 0.549112]
第38幅图像的旋转矩阵：
[-0.04753506100169791, 0.8983054399769141, -0.4367925760397579;
 0.996015944056698, 0.009596696599536991, -0.0886574452554382;
 -0.0754496995382318, -0.4392667070496684, -0.8951827204081474]
第38幅图像的平移向量：
[17.0051, -31.3293, 116.544]
第39幅图像的旋转向量：
[-1.95937, -2.03244, 0.563551]
第39幅图像的旋转矩阵：
[-0.05509169530864888, 0.8936852175545588, -0.4452994913903228;
 0.9953907639965288, 0.01409480317160838, -0.09486075834590724;
 -0.07849924877618863, -0.4484730409378191, -0.8903425180758017]
第39幅图像的平移向量：
[8.48817, -34.1071, 111.168]
第40幅图像的旋转向量：
[-1.91248, -2.05839, 0.578987]
第40幅图像的旋转矩阵：
[-0.090587906132091, 0.8846016679905404, -0.4574644469802625;
 0.9933704661927032, 0.04761716136459393, -0.1046313664236012;
 -0.07077392287202319, -0.4639100073634241, -0.8830507102705782]
第40幅图像的平移向量：
[4.63514, -15.689, 108.339]
第41幅图像的旋转向量：
[-1.93351, -2.0282, 0.654392]
第41幅图像的旋转矩阵：
[-0.07800898184453176, 0.8714362039985425, -0.4842659817829351;
 0.9901382997609561, 0.01102507481555481, -0.1396588524648336;
 -0.1163647115669621, -0.4903849407209828, -0.8637024162383801]
第41幅图像的平移向量：
[-34.2079, -25.1839, 125.891]
第42幅图像的旋转向量：
[-1.93164, -2.02841, 0.675351]
第42幅图像的旋转矩阵：
[-0.08255197979213125, 0.8677027889343359, -0.4901806204940938;
 0.9883599093634213, 0.008213401069814719, -0.1519119139698926;
 -0.1277883413912601, -0.4970155028954747, -0.8582806823446683]
第42幅图像的平移向量：
[-60.1598, -21.8672, 137.569]
第43幅图像的旋转向量：
[-2.06786, -2.11891, 0.540798]
第43幅图像的旋转矩阵：
[-0.05129553464828429, 0.9395925821847485, -0.3384295312595276;
 0.9868554292590593, -0.004311817109100891, -0.1615480423129157;
 -0.1532485884667934, -0.342267713546888, -0.9270208640566407]
第43幅图像的平移向量：
[-59.5114, -21.3169, 130.503]
第44幅图像的旋转向量：
[-2.12308, -2.21745, 0.500956]
第44幅图像的旋转矩阵：
[-0.06801613843582266, 0.9679092401192239, -0.2419204575973392;
 0.9779064319510017, 0.01663587253086596, -0.2083800808474696;
 -0.1976684478138587, -0.250748779931157, -0.9476561792664553]
第44幅图像的平移向量：
[-66.8897, -19.0563, 142.679]
第45幅图像的旋转向量：
[-2.0767, -2.19418, 0.527277]
第45幅图像的旋转矩阵：
[-0.08139241241460904, 0.9547658417921724, -0.2860025568910443;
 0.9804677484536483, 0.02515119786541486, -0.1950651467796554;
 -0.17904823217101, -0.2962931058813546, -0.9381642318718063]
第45幅图像的平移向量：
[-97.3761, -15.7897, 132.552]
第46幅图像的旋转向量：
[2.07128, 2.22919, -0.286902]
第46幅图像的旋转矩阵：
[-0.0795477315113523, 0.9947120621361204, -0.06496208011066354;
 0.9787446989264806, 0.06558065505770083, -0.1943141580161235;
 -0.189026381054894, -0.0790385420102704, -0.9787859501148249]
第46幅图像的平移向量：
[-89.2018, -15.3706, 121.18]
第47幅图像的旋转向量：
[1.98042, 2.18366, -0.193343]
第47幅图像的旋转矩阵：
[-0.09161694350321137, 0.9945045522834665, 0.05066587757644168;
 0.9701308448777709, 0.1006169113173377, -0.2207314680187246;
 -0.2246162938877579, 0.02892978818485471, -0.974017755421177]
第47幅图像的平移向量：
[-97.0682, -16.2655, 110.054]
第48幅图像的旋转向量：
[1.98286, 2.14822, -0.142777]
第48幅图像的旋转矩阵：
[-0.06970109997757601, 0.9934083272475317, 0.09100358244144632;
 0.9726269026717652, 0.08794654532261892, -0.2150867577628744;
 -0.2216724269300195, 0.07352074891537574, -0.9723456353673201]
第48幅图像的平移向量：
[-104.185, -20.6718, 97.9721]
第49幅图像的旋转向量：
[1.9907, 2.101, -0.282028]
第49幅图像的旋转矩阵：
[-0.04834504515272164, 0.9981731260414365, 0.03623764696897402;
 0.9532810825676271, 0.05694105194147758, -0.2966696718953441;
 -0.2981911035357602, 0.0202021546490635, -0.9542923759098472]
第49幅图像的平移向量：
[-153.122, -35.1089, 181.439]
第50幅图像的旋转向量：
[1.97339, 2.0832, -0.303491]
第50幅图像的旋转矩阵：
[-0.04720565911514885, 0.9980287065344949, 0.04135609605109067;
 0.9447453274313925, 0.05805421951306955, -0.3226235792580558;
 -0.3243884893828002, 0.0238413198001069, -0.9456234448373908]
第50幅图像的平移向量：
[-177.005, -20.999, 250.978]
第51幅图像的旋转向量：
[2.01851, 2.11225, -0.329841]
第51幅图像的旋转矩阵：
[-0.04669195122903003, 0.9988708266057099, -0.008771171327213639;
 0.9539902136688919, 0.04198705994894147, -0.2968834098106961;
 -0.2961799012667936, -0.02222967730016412, -0.9548734510565905]
第51幅图像的平移向量：
[-133.176, 11.7856, 334.872]
第52幅图像的旋转向量：
[2.2027, 1.70414, -0.518105]
第52幅图像的旋转矩阵：
[0.2279907675214135, 0.9690324880799508, -0.09484854754068039;
 0.8578427555200254, -0.2459948863020138, -0.4512120595851456;
 -0.4605714024196534, 0.02150704440036572, -0.8873620626972702]
第52幅图像的平移向量：
[-150.906, -124.418, 360.708]
第53幅图像的旋转向量：
[1.95303, 2.43522, -0.32437]
第53幅图像的旋转矩阵：
[-0.225501572300739, 0.9660361874004896, -0.1261868674728904;
 0.9653846749015932, 0.2041424895657307, -0.162352312638444;
 -0.131078107840478, -0.158429569798797, -0.9786309830872555]
第53幅图像的平移向量：
[-104.335, 50.248, 239.596]
第54幅图像的旋转向量：
[1.94274, 2.37061, -0.122238]
第54幅图像的旋转矩阵：
[-0.1960875339645172, 0.9805623270438204, 0.006870357059275661;
 0.97465521299488, 0.1956661400543208, -0.1084526505814774;
 -0.1076888796748272, -0.01456998348147816, -0.9940778746032577]
第54幅图像的平移向量：
[1.27145, 68.9575, 253.556]
第55幅图像的旋转向量：
[1.90617, 2.30701, 0.0558365]
第55幅图像的旋转矩阵：
[-0.1823191668171439, 0.9735595238377541, 0.1376283944391852;
 0.9790777207571646, 0.1926251262756404, -0.0655925105804701;
 -0.09036890022600703, 0.1227901228605095, -0.9883096921511207]
第55幅图像的平移向量：
[85.6463, 83.8786, 262.144]
第56幅图像的旋转向量：
[-1.89906, -2.28541, 0.573288]
第56幅图像的旋转矩阵：
[-0.2083858772736207, 0.9228620265109866, -0.3238842481148752;
 0.9664680322515413, 0.1434953861185351, -0.2129521467337797;
 -0.1500495544436454, -0.357399991867273, -0.9218190587227716]
第56幅图像的平移向量：
[40.0509, 55.8688, 271.643]
第57幅图像的旋转向量：
[-1.76229, -2.26293, 0.563368]
第57幅图像的旋转矩阵：
[-0.2578609752135418, 0.8806124467737309, -0.397529163771797;
 0.9642068354210831, 0.2082478130932108, -0.1641280806844327;
 -0.06174865171954505, -0.4256225639332086, -0.9027915247064187]
第57幅图像的平移向量：
[132.22, 65.008, 248.959]
第58幅图像的旋转向量：
[2.26997, 2.12056, -0.420138]
第58幅图像的旋转矩阵：
[0.04880682397226987, 0.9806827819067309, -0.1894179907121152;
 0.9788218175505689, -0.08471047513089136, -0.1863651922707119;
 -0.1988108231981865, -0.1763105688118945, -0.9640481522748153]
第58幅图像的平移向量：
[-10.1304, -40.0409, 233.763]
第59幅图像的旋转向量：
[-1.86808, -1.92178, 0.797088]
第59幅图像的旋转矩阵：
[-0.07458782707711076, 0.7947020999528062, -0.602399558750266;
 0.9877717535072624, -0.02405648186166642, -0.154039763222446;
 -0.1369073373676624, -0.6065227596809863, -0.7831899660771054]
第59幅图像的平移向量：
[8.27207, -30.0198, 189.85]

