第1幅图像的平均误差：0.0247362像素
第2幅图像的平均误差：0.0281206像素
第3幅图像的平均误差：0.0270232像素
第4幅图像的平均误差：0.0277531像素
第5幅图像的平均误差：0.0269976像素
第6幅图像的平均误差：0.025025像素
第7幅图像的平均误差：0.0298821像素
第8幅图像的平均误差：0.0328104像素
第9幅图像的平均误差：0.0370691像素
第10幅图像的平均误差：0.0306291像素
第11幅图像的平均误差：0.0309412像素
第12幅图像的平均误差：0.0320353像素
第13幅图像的平均误差：0.0234048像素
第14幅图像的平均误差：0.0271224像素
第15幅图像的平均误差：0.0255047像素
第16幅图像的平均误差：0.0260154像素
第17幅图像的平均误差：0.0246173像素
第18幅图像的平均误差：0.0374136像素
第19幅图像的平均误差：0.0268378像素
第20幅图像的平均误差：0.0503424像素
第21幅图像的平均误差：0.0293224像素
第22幅图像的平均误差：0.0359932像素
第23幅图像的平均误差：0.0291652像素
第24幅图像的平均误差：0.0306584像素
第25幅图像的平均误差：0.0308282像素
第26幅图像的平均误差：0.0255693像素
第27幅图像的平均误差：0.0365946像素
总体平均误差：0.0300894像素

相机内参数矩阵：
[812.5711206234314, 0, 641.8466052782597;
 0, 812.9234795428798, 508.436370284316;
 0, 0, 1]
畸变系数：
[0.563564, -0.38666, -0.865026, 6.11906]
第1幅图像的旋转向量：
[2.11677, 2.04699, -0.186979]
第1幅图像的旋转矩阵：
[0.03818663708644998, 0.9984031959370948, 0.04162738390318746;
 0.9743386418373902, -0.02795410485378003, -0.223344529918004;
 -0.221824236210785, 0.04908794520469779, -0.973850287192586]
第1幅图像的平移向量：
[-26.1526, -0.0997451, 378.474]
第2幅图像的旋转向量：
[2.12041, 2.03422, -0.198175]
第2幅图像的旋转矩阵：
[0.04603096875028589, 0.9981822261203759, 0.03890235691164888;
 0.9719048005735891, -0.03575234287940077, -0.2326431357264726;
 -0.230829392707953, 0.04851817634665248, -0.9717838123914561]
第2幅图像的平移向量：
[-12.7025, 1.93103, 378.245]
第3幅图像的旋转向量：
[2.15335, 2.06099, -0.26952]
第3幅图像的旋转矩阵：
[0.04067196872794021, 0.998812306932079, -0.02682846400395869;
 0.9721233247394018, -0.04576202212038838, -0.2299610376326055;
 -0.2309156392655225, -0.0167276074939416, -0.9728299721380523]
第3幅图像的平移向量：
[-49.0493, 6.16165, 381.528]
第4幅图像的旋转向量：
[2.20259, 2.05631, -0.353039]
第4幅图像的旋转矩阵：
[0.0568845153498998, 0.9937923816992287, -0.0956078134358421;
 0.9687727471740082, -0.07809246976936657, -0.2353315331574731;
 -0.2413369351059499, -0.07923552386332916, -0.9672012280346682]
第4幅图像的平移向量：
[-91.1823, 9.9633, 388.453]
第5幅图像的旋转向量：
[2.20878, 2.08323, -0.377676]
第5幅图像的旋转矩阵：
[0.04393450990048819, 0.9915362868971814, -0.1221701706880804;
 0.9713198061632967, -0.0709993735664517, -0.2269293350540375;
 -0.2336826758548868, -0.1086962773940404, -0.9662181566737285]
第5幅图像的平移向量：
[-113.991, 7.32004, 390.642]
第6幅图像的旋转向量：
[2.23035, 2.08367, -0.379037]
第6幅图像的旋转矩阵：
[0.05273395905398059, 0.9895882498239835, -0.1339187267442361;
 0.9733550207503882, -0.0809043522808176, -0.2145564945696864;
 -0.2231571937950993, -0.119036051649598, -0.9674870982422302]
第6幅图像的平移向量：
[-129.046, 11.4641, 395.359]
第7幅图像的旋转向量：
[2.14469, 2.05199, -0.486055]
第7幅图像的旋转矩阵：
[0.02128762798953598, 0.9901483366051063, -0.1383947557269434;
 0.9470214708982883, -0.06434092571388261, -0.3146594650346994;
 -0.3204639925985784, -0.1243644514980942, -0.9390613998303606]
第7幅图像的平移向量：
[-119.654, -17.4826, 412.911]
第8幅图像的旋转向量：
[2.04858, 2.002, -0.334795]
第8幅图像的旋转矩阵：
[0.02557284695590722, 0.9995645762624573, 0.01472030501803995;
 0.9403882531400799, -0.01905815235129882, -0.3395684322564511;
 -0.339140034284835, 0.02252653347075523, -0.9404661569854983]
第8幅图像的平移向量：
[-120.933, -69.5941, 393.47]
第9幅图像的旋转向量：
[1.98138, 1.99171, -0.444017]
第9幅图像的旋转矩阵：
[-0.006859224443313328, 0.9999476981371461, -0.007586305442016161;
 0.9084829278987921, 0.003061249785667797, -0.4179107541882454;
 -0.4178656731013862, -0.009758572640148983, -0.9084564103486488]
第9幅图像的平移向量：
[-125.777, -99.4399, 415.993]
第10幅图像的旋转向量：
[2.07848, 2.18016, -0.210861]
第10幅图像的旋转矩阵：
[-0.04845176495656867, 0.9987944694313623, -0.007876186000648253;
 0.9817907090734265, 0.04617382147238103, -0.1842687759435523;
 -0.1836829606950297, -0.01666091365922223, -0.9828443335067605]
第10幅图像的平移向量：
[-119.565, -95.483, 395.022]
第11幅图像的旋转向量：
[2.01302, 2.24015, -0.191756]
第11幅图像的旋转矩阵：
[-0.1058622337872942, 0.9943547942247658, 0.007192402921677957;
 0.9786665467809598, 0.1054673697717048, -0.1763190974491136;
 -0.1760823036803975, -0.01162656938490694, -0.9843067840947466]
第11幅图像的平移向量：
[-87.5745, -105.584, 394.032]
第12幅图像的旋转向量：
[2.07162, 2.25231, -0.244577]
第12幅图像的旋转矩阵：
[-0.0878490991440537, 0.9946233918643494, -0.05483469828343418;
 0.9832102991906075, 0.07773956011044825, -0.1650880624374474;
 -0.1599376232945041, -0.06841687766984908, -0.9847533130204814]
第12幅图像的平移向量：
[-77.8978, -99.1907, 390.236]
第13幅图像的旋转向量：
[2.19599, 2.21812, -0.186066]
第13幅图像的旋转矩阵：
[-0.01347387813246925, 0.9972332857623541, -0.07310422953352622;
 0.9954759957096825, 0.006501309141820122, -0.09479069018241607;
 -0.09405315823452004, -0.07405070389308671, -0.9928093959461961]
第13幅图像的平移向量：
[-81.9936, -86.9069, 376.727]
第14幅图像的旋转向量：
[-2.08342, -2.30683, 0.228439]
第14幅图像的旋转矩阵：
[-0.1061667811430607, 0.9875191138998851, -0.1163383611028943;
 0.9911567624884663, 0.09573255931377667, -0.09188878745862625;
 -0.07960456491372707, -0.12506509013158, -0.9889498655014196]
第14幅图像的平移向量：
[-21.5604, -97.1709, 388.89]
第15幅图像的旋转向量：
[-2.08441, -2.22837, 0.12632]
第15幅图像的旋转矩阵：
[-0.0662299321682257, 0.9905312196825801, -0.1202559724884072;
 0.9977758625738492, 0.06665659697138437, -0.0004755472698805066;
 0.007544809474310146, -0.1200200021427045, -0.9927428040210926]
第15幅图像的平移向量：
[-49.9264, -81.7602, 366.55]
第16幅图像的旋转向量：
[-1.97626, -2.25446, 0.0082466]
第16幅图像的旋转矩阵：
[-0.1251344041549961, 0.9858902583824796, -0.1111835389043795;
 0.9866772643310782, 0.1354049716908021, 0.09018575105609819;
 0.1039680573489453, -0.09841692978314553, -0.9896993235236377]
第16幅图像的平移向量：
[-26.3973, -79.1003, 348.501]
第17幅图像的旋转向量：
[-2.10338, -2.16296, 0.0169993]
第17幅图像的旋转矩阵：
[-0.02397517950747008, 0.9950109210066067, -0.09684243824464751;
 0.996410137043988, 0.03165088532186089, 0.07851789766876839;
 0.0811913145820745, -0.09461230647186532, -0.99219780381762]
第17幅图像的平移向量：
[-17.9251, -69.7437, 345.971]
第18幅图像的旋转向量：
[-2.0632, -2.18535, 0.0151745]
第18幅图像的旋转矩阵：
[-0.05258875216782166, 0.9930192655099024, -0.1055801187326722;
 0.9943896822642166, 0.06178969986700988, 0.08585565093117052;
 0.09178007927596063, -0.1004727391709739, -0.9906975551254681]
第18幅图像的平移向量：
[-2.55496, -67.0447, 344.248]
第19幅图像的旋转向量：
[-2.06517, -2.16444, 0.000780216]
第19幅图像的旋转矩阵：
[-0.04103955091714684, 0.9932532146922632, -0.108461084099338;
 0.9933311503891047, 0.05226499026817544, 0.1027696280956844;
 0.1077449809836946, -0.1035201540558758, -0.9887742901072373]
第19幅图像的平移向量：
[-2.8687, -38.7042, 346.809]
第20幅图像的旋转向量：
[-2.0952, -2.13737, -0.0245183]
第20幅图像的旋转矩阵：
[-0.0143810289946158, 0.9954471515989856, -0.09422395862264406;
 0.993023761612976, 0.02524832929584409, 0.1151795586889603;
 0.1170341611542163, -0.09191022925243045, -0.9888657719234166]
第20幅图像的平移向量：
[-12.0163, -33.2364, 348.896]
第21幅图像的旋转向量：
[-2.10481, -2.04171, -0.00750609]
第21幅图像的旋转矩阵：
[0.04098787912993773, 0.9891648213939874, -0.140971450588515;
 0.9881015717406112, -0.01919591681819166, 0.1526001333591894;
 0.1482406074197044, -0.1455488677184044, -0.9781821146482528]
第21幅图像的平移向量：
[-38.6968, 0.566602, 359.621]
第22幅图像的旋转向量：
[3.10184, 0.0408698, -0.210969]
第22幅图像的旋转矩阵：
[0.9904493358324727, 0.02841131293454254, -0.1349181620329483;
 0.02402710777419195, -0.9991325150243775, -0.03401346076290135;
 -0.1357674896321678, 0.03044691640211797, -0.9902727775924074]
第22幅图像的平移向量：
[29.0846, 51.82, 385.834]
第23幅图像的旋转向量：
[3.10753, 0.0587974, -0.224632]
第23幅图像的旋转矩阵：
[0.9888971363292992, 0.03945687604113644, -0.1432676121556664;
 0.03579470746677476, -0.9989654106721474, -0.02805079674440844;
 -0.1442261858231025, 0.0226111303057253, -0.9892863812411539]
第23幅图像的平移向量：
[36.4426, 47.3198, 387.844]
第24幅图像的旋转向量：
[-0.110075, -2.95176, 0.0236304]
第24幅图像的旋转矩阵：
[-0.9796850261236935, 0.07232775862358549, -0.1870453017894498;
 0.07531308842196575, 0.9971202689373461, -0.008894267067008198;
 0.185863359222207, -0.02280053961647514, -0.9823110236029291]
第24幅图像的平移向量：
[10.2029, -52.1371, 387.587]
第25幅图像的旋转向量：
[-0.209245, -2.94061, 0.0413692]
第25幅图像的旋转矩阵：
[-0.9714034572972985, 0.1375567126022017, -0.1935290003305212;
 0.1429464215987775, 0.9896300133430787, -0.01409812904899574;
 0.1895828148935449, -0.04135924937245458, -0.9809932562400147]
第25幅图像的平移向量：
[-55.1986, -59.1309, 393.913]
第26幅图像的旋转向量：
[0.0315934, -2.84609, -0.0430888]
第26幅图像的旋转矩阵：
[-0.9565609291957118, -0.01731313089896151, -0.2910179448671713;
 -0.02611500140279477, 0.9993106012438611, 0.02638804546315825;
 0.2903604577726942, 0.03284170732634197, -0.9563536097186659]
第26幅图像的平移向量：
[-73.3619, -57.9424, 391.6]
第27幅图像的旋转向量：
[-0.0860221, -2.86297, -0.108066]
第27幅图像的旋转矩阵：
[-0.9605769771321145, 0.06907343888608193, -0.2692967341877355;
 0.04857591260162353, 0.9954431037476286, 0.08205734529100218;
 0.2737375599340519, 0.06574106206731094, -0.9595550328353311]
第27幅图像的平移向量：
[-76.2174, -27.1626, 375.172]

