第1幅图像的平均误差：0.0658554像素
第2幅图像的平均误差：0.0459118像素
第3幅图像的平均误差：0.0631578像素
第4幅图像的平均误差：0.0574983像素
第5幅图像的平均误差：0.0857191像素
第6幅图像的平均误差：0.0839991像素
第7幅图像的平均误差：0.0914007像素
第8幅图像的平均误差：0.068326像素
第9幅图像的平均误差：0.164439像素
第10幅图像的平均误差：0.0807459像素
第11幅图像的平均误差：0.100945像素
第12幅图像的平均误差：0.0779856像素
第13幅图像的平均误差：0.0741987像素
第14幅图像的平均误差：0.0729896像素
第15幅图像的平均误差：0.046187像素
第16幅图像的平均误差：0.0619072像素
第17幅图像的平均误差：0.0395075像素
第18幅图像的平均误差：0.0643127像素
第19幅图像的平均误差：0.054506像素
第20幅图像的平均误差：0.0929654像素
第21幅图像的平均误差：0.0742218像素
第22幅图像的平均误差：0.0516642像素
第23幅图像的平均误差：0.169679像素
第24幅图像的平均误差：0.111677像素
第25幅图像的平均误差：0.103896像素
第26幅图像的平均误差：0.140797像素
第27幅图像的平均误差：0.095487像素
第28幅图像的平均误差：0.043615像素
第29幅图像的平均误差：0.0463438像素
第30幅图像的平均误差：0.0460839像素
第31幅图像的平均误差：0.0621109像素
第32幅图像的平均误差：0.0429281像素
第33幅图像的平均误差：0.050599像素
第34幅图像的平均误差：0.111993像素
第35幅图像的平均误差：0.168054像素
第36幅图像的平均误差：0.0707121像素
第37幅图像的平均误差：0.0699552像素
第38幅图像的平均误差：0.124923像素
总体平均误差：0.0809815像素

相机内参数矩阵：
[678.6550876107416, 0, 1293.030348010713;
 0, 683.7425912650962, 977.9782551472014;
 0, 0, 1]
畸变系数：
[0.412153, 0.889696, -1.77706, 0.945123]
第1幅图像的旋转向量：
[-2.14928, -1.81292, 0.922784]
第1幅图像的旋转矩阵：
[0.06277586975088267, 0.8259562626526319, -0.5602280271121007;
 0.9389984979966758, -0.2390667569377875, -0.2472426065370526;
 -0.3381434768511838, -0.5105324063290648, -0.7905793136370617]
第1幅图像的平移向量：
[-8.388, 54.6413, 224.262]
第2幅图像的旋转向量：
[-2.34049, -1.99508, 0.59135]
第2幅图像的旋转矩阵：
[0.1170547210903277, 0.9503006410404732, -0.2884906998648847;
 0.9540155087250913, -0.1883134293683034, -0.2332219145611192;
 -0.2759576079445364, -0.2479248756329516, -0.9286445254562776]
第2幅图像的平移向量：
[-45.3748, 83.9058, 233.719]
第3幅图像的旋转向量：
[-2.40861, -1.90773, 0.624254]
第3幅图像的旋转矩阵：
[0.1802906084378929, 0.9335887202944982, -0.3096891955622215;
 0.9360696135422694, -0.259552823160478, -0.2374994959831541;
 -0.3021075555359731, -0.2470717169736492, -0.9206989690228679]
第3幅图像的平移向量：
[-66.6573, 35.9514, 249.138]
第4幅图像的旋转向量：
[-2.17465, -2.01267, 0.464851]
第4幅图像的旋转矩阵：
[0.05616367572500247, 0.946175481614662, -0.3187437835006646;
 0.9901220331249897, -0.09386018374546612, -0.1041567349128407;
 -0.1284678989066652, -0.3097454178814099, -0.9421007244726954]
第4幅图像的平移向量：
[-89.8045, -67.9129, 246.674]
第5幅图像的旋转向量：
[-2.18835, -1.89148, 0.486762]
第5幅图像的旋转矩阵：
[0.1228351022610863, 0.9174665685789974, -0.3783736687355345;
 0.9861424644216009, -0.1556769343422003, -0.05733874761716937;
 -0.1115104368075008, -0.3660871312320249, -0.9238753351125392]
第5幅图像的平移向量：
[-149.716, -115.637, 256.137]
第6幅图像的旋转向量：
[-2.28717, -2.08857, 0.441808]
第6幅图像的旋转矩阵：
[0.06887831053258775, 0.9741600885487004, -0.2150997448091566;
 0.9778164654025704, -0.1086755365030011, -0.1790658754576327;
 -0.1978149092606518, -0.1979943172027238, -0.9600351618714948]
第6幅图像的平移向量：
[-145.397, 42.0426, 227.622]
第7幅图像的旋转向量：
[-2.23575, -2.1187, 0.432835]
第7幅图像的旋转矩阵：
[0.03355293930922265, 0.9746460564681777, -0.2212222070108268;
 0.9833175185928039, -0.07178672405018205, -0.1671326535379417;
 -0.1787759992062756, -0.2119238798747619, -0.9607951973478142]
第7幅图像的平移向量：
[-140.191, 63.8657, 218.525]
第8幅图像的旋转向量：
[-2.17986, -2.02752, 0.540722]
第8幅图像的旋转矩阵：
[0.04130016466999953, 0.9416296585233066, -0.3341075913347553;
 0.9829521354841206, -0.0982538021119117, -0.155406852222674;
 -0.1791630423537109, -0.321993441796311, -0.9296347818873432]
第8幅图像的平移向量：
[-176.737, 54.6187, 215.676]
第9幅图像的旋转向量：
[-2.24517, -2.00883, 0.57191]
第9幅图像的旋转矩阵：
[0.0734448391687903, 0.9439277915477431, -0.3218791387202212;
 0.9719193910385329, -0.1400945064105422, -0.1890667252503052;
 -0.2235588354835444, -0.2989546012647863, -0.9277109428371826]
第9幅图像的平移向量：
[-174.141, 8.13745, 236.415]
第10幅图像的旋转向量：
[-2.27759, -1.93216, 0.618132]
第10幅图像的旋转矩阵：
[0.1170990852725579, 0.925591477938886, -0.3599558586760866;
 0.9626476917742092, -0.1948841193922864, -0.1879617022972501;
 -0.2441254303634041, -0.3245005330898574, -0.9138392518787324]
第10幅图像的平移向量：
[-208.473, -18.1772, 231.595]
第11幅图像的旋转向量：
[2.3228, 1.98542, -0.295937]
第11幅图像的旋转矩阵：
[0.1460199142648523, 0.9842734784496475, -0.09941782666461865;
 0.9704815089250233, -0.1620185557692898, -0.1786494568170959;
 -0.1919474549784262, -0.07039678406763072, -0.9788771461834425]
第11幅图像的平移向量：
[-147.144, -40.4021, 185.178]
第12幅图像的旋转向量：
[2.3726, 1.86472, -0.350574]
第12幅图像的旋转矩阵：
[0.221949400797854, 0.9681003586064695, -0.1162762192002245;
 0.9442291098543579, -0.2431476920016206, -0.2220598747588857;
 -0.243248538719394, -0.06050533480867704, -0.9680750244018123]
第12幅图像的平移向量：
[-168.878, -95.8449, 215.558]
第13幅图像的旋转向量：
[2.45484, 1.70708, -0.339708]
第13幅图像的旋转矩阵：
[0.3338429512497412, 0.9363594702065704, -0.1085349089248897;
 0.906574591858175, -0.3504782886512523, -0.2351328955745515;
 -0.2582080426672387, -0.01989753096644065, -0.965884410767351]
第13幅图像的平移向量：
[-204.985, -148.541, 250.728]
第14幅图像的旋转向量：
[2.4249, 1.7875, -0.308129]
第14幅图像的旋转矩阵：
[0.2847428769138854, 0.9538183789552919, -0.09566605465839617;
 0.9307988359222881, -0.2989652507739888, -0.2103171554470997;
 -0.2292051942965463, -0.02915954040696116, -0.9729412624155361]
第14幅图像的平移向量：
[-132.472, -125.472, 252.446]
第15幅图像的旋转向量：
[2.37063, 1.94324, -0.251887]
第15幅图像的旋转矩阵：
[0.1890763483254765, 0.9783227472460121, -0.08446737077072351;
 0.9675265801377049, -0.2003015920677053, -0.1541803779414883;
 -0.1677571197622943, -0.05257256353040321, -0.984425555505799]
第15幅图像的平移向量：
[-10.1823, -103.251, 255.15]
第16幅图像的旋转向量：
[-2.34335, -2.07243, 0.278961]
第16幅图像的旋转矩阵：
[0.1133938002855561, 0.984591298037246, -0.1331233333647089;
 0.9847476937755595, -0.1291717405764315, -0.1165617477570278;
 -0.131961455207638, -0.1178755159725162, -0.9842212846071232]
第16幅图像的平移向量：
[32.3502, -68.7776, 230.921]
第17幅图像的旋转向量：
[-2.25986, -2.12213, 0.285289]
第17幅图像的旋转矩阵：
[0.05406696983905546, 0.9868397857031952, -0.1523942260247881;
 0.9920499392775981, -0.07045504730938401, -0.1042736989271327;
 -0.1136383771079845, -0.1455449197392475, -0.9828036404014586]
第17幅图像的平移向量：
[72.7053, -37.1296, 210.6]
第18幅图像的旋转向量：
[-2.23061, -2.14089, 0.290526]
第18幅图像的旋转矩阵：
[0.03223801996990627, 0.986701759206311, -0.1593121101724259;
 0.9934743421966179, -0.04908227732459247, -0.1029546572507984;
 -0.1094049426004946, -0.1549534395610598, -0.9818451966082941]
第18幅图像的平移向量：
[76.4012, -34.8049, 200.583]
第19幅图像的旋转向量：
[-2.15185, -2.22515, 0.28577]
第19幅图像的旋转矩阵：
[-0.04136898015166446, 0.9876908558523642, -0.1508488672374965;
 0.9937559100801604, 0.02501597856898141, -0.1087354219975664;
 -0.1036233499842761, -0.1544052268605598, -0.982558510856313]
第19幅图像的平移向量：
[46.846, 20.4647, 182.035]
第20幅图像的旋转向量：
[-2.10573, -2.26281, 0.263877]
第20幅图像的旋转矩阵：
[-0.07812072821782412, 0.9864731504458333, -0.1441106355276729;
 0.9931629163627604, 0.06442953549702524, -0.09734606575231827;
 -0.08674429885896759, -0.1507300846052657, -0.9847618332421071]
第20幅图像的平移向量：
[54.5299, 41.5437, 178.136]
第21幅图像的旋转向量：
[-2.11479, -2.22933, 0.305738]
第21幅图像的旋转矩阵：
[-0.06121728063525156, 0.9828078109009981, -0.1741874030566281;
 0.9934156506521112, 0.04306192047231538, -0.1061650415375889;
 -0.09683898797006757, -0.1795396274843615, -0.9789727946024394]
第21幅图像的平移向量：
[1.42705, 30.249, 169.805]
第22幅图像的旋转向量：
[-2.13612, -2.21199, 0.320346]
第22幅图像的旋转矩阵：
[-0.04459978749677096, 0.9828775522679417, -0.1787808049065193;
 0.9932148480203892, 0.02438584010957634, -0.1137083834815438;
 -0.1074016975055725, -0.1826391197140697, -0.9772961819852728]
第22幅图像的平移向量：
[-37.1763, 19.9406, 175.458]
第23幅图像的旋转向量：
[-2.11462, -2.18531, 0.350228]
第23幅图像的旋转矩阵：
[-0.04383765633966119, 0.9755675178687048, -0.2152818570296631;
 0.9939842291669011, 0.02094228807684007, -0.1075024313101245;
 -0.1003673854104368, -0.2186994253527, -0.9706167880766702]
第23幅图像的平移向量：
[-69.7183, 17.7049, 168]
第24幅图像的旋转向量：
[-2.16669, -2.21494, 0.289005]
第24幅图像的旋转矩阵：
[-0.03022589396831177, 0.988160890539724, -0.1504142604328315;
 0.993672231992076, 0.01342020460505045, -0.1115140954150833;
 -0.1081752776825745, -0.1528330871117176, -0.9823136753513106]
第24幅图像的平移向量：
[-95.87, 14.8461, 154.68]
第25幅图像的旋转向量：
[-2.1752, -2.18778, 0.337328]
第25幅图像的旋转矩阵：
[-0.01714637717241752, 0.983670828713217, -0.1791583168276397;
 0.9919509361356049, -0.005747638968468083, -0.1264923118058333;
 -0.1254565345032184, -0.1798851449812904, -0.9756546482057588]
第25幅图像的平移向量：
[-123.08, 9.92444, 146.427]
第26幅图像的旋转向量：
[-2.2269, -2.13886, 0.366161]
第26幅图像的旋转矩阵：
[0.02614196599292218, 0.9812746349724806, -0.1908315706942915;
 0.9888730932339131, -0.05335010771098025, -0.1388660199084714;
 -0.1464465878469625, -0.1850779748291305, -0.9717507602987145]
第26幅图像的平移向量：
[-140.387, -21.4667, 159.109]
第27幅图像的旋转向量：
[2.33801, 2.01468, -0.381206]
第27幅图像的旋转矩阵：
[0.1307270278216098, 0.9778179039896029, -0.1636538750971342;
 0.9700128485829, -0.1602662134207251, -0.1827288001927197;
 -0.2049036792764261, -0.1348587686179981, -0.96944705618503]
第27幅图像的平移向量：
[-180.078, -68.9585, 188.38]
第28幅图像的旋转向量：
[2.21536, 2.04878, -0.336631]
第28幅图像的旋转矩阵：
[0.06735055552565838, 0.9936280238351306, -0.09037285499461814;
 0.970305440612755, -0.08632092143405912, -0.2259558594948627;
 -0.2323171422596108, -0.07247102022372894, -0.9699364394845982]
第28幅图像的平移向量：
[-93.5419, -63.393, 254.752]
第29幅图像的旋转向量：
[2.23007, 2.10737, -0.162872]
第29幅图像的旋转矩阵：
[0.05468767413806874, 0.9980658089036502, -0.02956178943958997;
 0.9907556001355858, -0.05792056823447977, -0.1226725257560547;
 -0.1241474892913397, -0.02257983332306181, -0.9920068306366441]
第29幅图像的平移向量：
[0.694058, -11.9425, 296.071]
第30幅图像的旋转向量：
[-2.28993, -2.0991, 0.315946]
第30幅图像的旋转矩阵：
[0.07575030406469041, 0.9840016797107327, -0.1612531728697549;
 0.9878713941612534, -0.09604227567790458, -0.1220081549754389;
 -0.1355433511169331, -0.1500552418580089, -0.9793423427785231]
第30幅图像的平移向量：
[129.811, 24.9325, 263.454]
第31幅图像的旋转向量：
[-2.37291, -1.99737, 0.326309]
第31幅图像的旋转矩阵：
[0.1578940941740657, 0.9720384302074132, -0.1738123851308054;
 0.9768157659692527, -0.1795244889007845, -0.1166272577008245;
 -0.1445697561001391, -0.1513679229058134, -0.9778483203116556]
第31幅图像的平移向量：
[62.0274, -29.8855, 276.152]
第32幅图像的旋转向量：
[2.35607, 1.9545, -0.271376]
第32幅图像的旋转矩阵：
[0.1764394312792698, 0.9800216005863228, -0.09179754612226762;
 0.9679592530767224, -0.1896808101803608, -0.1645480921569002;
 -0.1786729175700719, -0.05982351238053381, -0.9820881507754049]
第32幅图像的平移向量：
[-17.0041, -86.9045, 231.824]
第33幅图像的旋转向量：
[-2.41575, -1.98282, 0.249493]
第33幅图像的旋转矩阵：
[0.1874033719008179, 0.9740836933626073, -0.1266528109647216;
 0.9750960612652527, -0.2000480570069227, -0.09575200359650506;
 -0.1186071140581109, -0.1055544087796283, -0.9873148531658932]
第33幅图像的平移向量：
[-66.7322, -72.0419, 173.681]
第34幅图像的旋转向量：
[2.34849, 2.07539, -0.200095]
第34幅图像的旋转矩阵：
[0.1184410717790821, 0.9884476839943638, -0.09456684684391274;
 0.9883077497758127, -0.1265595149416519, -0.08503223453963166;
 -0.09601824956169154, -0.08338983861305704, -0.9918803509331139]
第34幅图像的平移向量：
[-78.6354, -27.2304, 141.114]
第35幅图像的旋转向量：
[2.34375, 1.97309, -0.132866]
第35幅图像的旋转矩阵：
[0.1694413142420045, 0.9853773933129738, -0.01791741542942676;
 0.9788834196093666, -0.170378499692336, -0.1129531657655554;
 -0.1143542384077413, 0.001599871968991813, -0.9934387492784185]
第35幅图像的平移向量：
[-92.6652, -69.6128, 192.563]
第36幅图像的旋转向量：
[2.21457, 2.17579, -0.0913517]
第36幅图像的旋转矩阵：
[0.01709618665435286, 0.9997103214203433, -0.01694088685734946;
 0.9976120121030903, -0.01818938408100401, -0.06662896978325156;
 -0.06691781309564192, -0.0157613309205695, -0.9976339943777522]
第36幅图像的平移向量：
[-38.4915, 33.8158, 152.54]
第37幅图像的旋转向量：
[2.23254, 2.15249, -0.0900354]
第37幅图像的旋转矩阵：
[0.03599347883474269, 0.9992448517439015, -0.01463542772456913;
 0.9969765634199242, -0.03691322769813754, -0.06837503647021523;
 -0.06886364405672073, -0.01213012300900615, -0.9975523337865616]
第37幅图像的平移向量：
[-86.8793, 25.4895, 149.108]
第38幅图像的旋转向量：
[2.29949, 2.1073, -0.0472885]
第38幅图像的旋转矩阵：
[0.08691947791525334, 0.9961882208716061, -0.007350711231201117;
 0.9955151699715149, -0.08713261605310296, -0.03684363684991832;
 -0.03734368374338514, -0.004115314861246624, -0.9992940075213435]
第38幅图像的平移向量：
[-121.223, 20.5601, 144.148]

